(kicad_pcb (version 20171130) (host pcbnew "(5.1.4)-1")

  (general
    (thickness 1.6)
    (drawings 28)
    (tracks 387)
    (zones 0)
    (modules 92)
    (nets 63)
  )

  (page A4)
  (layers
    (0 F.Cu signal)
    (1 In1.Cu signal)
    (2 In2.Cu signal)
    (31 B.Cu signal)
    (32 B.Adhes user)
    (33 F.Adhes user)
    (34 B.Paste user)
    (35 F.Paste user)
    (36 B.SilkS user)
    (37 F.SilkS user)
    (38 B.Mask user)
    (39 F.Mask user)
    (40 Dwgs.User user)
    (41 Cmts.User user)
    (42 Eco1.User user)
    (43 Eco2.User user)
    (44 Edge.Cuts user)
    (45 Margin user)
    (46 B.CrtYd user)
    (47 F.CrtYd user)
    (48 B.Fab user)
    (49 F.Fab user)
  )

  (setup
    (last_trace_width 0.25)
    (trace_clearance 0.2)
    (zone_clearance 0.31)
    (zone_45_only yes)
    (trace_min 0.2)
    (via_size 0.8)
    (via_drill 0.4)
    (via_min_size 0.4)
    (via_min_drill 0.3)
    (uvia_size 0.3)
    (uvia_drill 0.1)
    (uvias_allowed no)
    (uvia_min_size 0.2)
    (uvia_min_drill 0.1)
    (edge_width 0.05)
    (segment_width 0.2)
    (pcb_text_width 0.3)
    (pcb_text_size 1.5 1.5)
    (mod_edge_width 0.12)
    (mod_text_size 1 1)
    (mod_text_width 0.15)
    (pad_size 1.524 1.524)
    (pad_drill 0.762)
    (pad_to_mask_clearance 0.051)
    (solder_mask_min_width 0.05)
    (aux_axis_origin 0 0)
    (visible_elements 7FFDFFFF)
    (pcbplotparams
      (layerselection 0x010fc_ffffffff)
      (usegerberextensions false)
      (usegerberattributes false)
      (usegerberadvancedattributes false)
      (creategerberjobfile false)
      (excludeedgelayer true)
      (linewidth 0.100000)
      (plotframeref false)
      (viasonmask false)
      (mode 1)
      (useauxorigin false)
      (hpglpennumber 1)
      (hpglpenspeed 20)
      (hpglpendiameter 15.000000)
      (psnegative false)
      (psa4output false)
      (plotreference true)
      (plotvalue true)
      (plotinvisibletext false)
      (padsonsilk false)
      (subtractmaskfromsilk false)
      (outputformat 1)
      (mirror false)
      (drillshape 0)
      (scaleselection 1)
      (outputdirectory "../RVL-PMS HW2_GERBERS/"))
  )

  (net 0 "")
  (net 1 AGND)
  (net 2 VSYS)
  (net 3 "Net-(C2-Pad2)")
  (net 4 "Net-(C2-Pad1)")
  (net 5 "Net-(C4-Pad2)")
  (net 6 "Net-(C4-Pad1)")
  (net 7 "Net-(C6-Pad1)")
  (net 8 "Net-(C6-Pad2)")
  (net 9 "Net-(C8-Pad1)")
  (net 10 "Net-(C8-Pad2)")
  (net 11 "Net-(C13-Pad2)")
  (net 12 "Net-(C10-Pad1)")
  (net 13 "Net-(C11-Pad1)")
  (net 14 5V)
  (net 15 "Net-(C21-Pad1)")
  (net 16 "Net-(C23-Pad2)")
  (net 17 "Net-(C24-Pad2)")
  (net 18 "Net-(C25-Pad2)")
  (net 19 MCLR)
  (net 20 "Net-(J1-Pad4)")
  (net 21 "Net-(J1-Pad5)")
  (net 22 "Net-(L1-Pad2)")
  (net 23 "Net-(L2-Pad2)")
  (net 24 "Net-(L3-Pad2)")
  (net 25 "Net-(L4-Pad2)")
  (net 26 "Net-(L5-Pad2)")
  (net 27 "Net-(R1-Pad1)")
  (net 28 "Net-(R3-Pad1)")
  (net 29 "Net-(R5-Pad1)")
  (net 30 "Net-(R7-Pad1)")
  (net 31 "Net-(R9-Pad1)")
  (net 32 R)
  (net 33 G)
  (net 34 "Net-(R10-Pad1)")
  (net 35 "Net-(R11-Pad1)")
  (net 36 B)
  (net 37 EN)
  (net 38 "Net-(R14-Pad1)")
  (net 39 SDA)
  (net 40 SCL)
  (net 41 "Net-(R17-Pad1)")
  (net 42 btn)
  (net 43 VTEMP)
  (net 44 "Net-(U1-Pad9)")
  (net 45 "Net-(U2-Pad9)")
  (net 46 "Net-(U3-Pad9)")
  (net 47 "Net-(U4-Pad9)")
  (net 48 "Net-(U5-Pad5)")
  (net 49 "Net-(U5-Pad6)")
  (net 50 "Net-(U5-Pad8)")
  (net 51 "Net-(U6-Pad10)")
  (net 52 "Net-(U6-Pad14)")
  (net 53 "Net-(U6-Pad15)")
  (net 54 "Net-(U7-Pad2)")
  (net 55 "Net-(U7-Pad3)")
  (net 56 "Net-(U7-Pad4)")
  (net 57 "Net-(U7-Pad7)")
  (net 58 "Net-(U7-Pad12)")
  (net 59 "Net-(U7-Pad23)")
  (net 60 "Net-(U7-Pad24)")
  (net 61 "Net-(C23-Pad1)")
  (net 62 3V3)

  (net_class Default "This is the default net class."
    (clearance 0.2)
    (trace_width 0.25)
    (via_dia 0.8)
    (via_drill 0.4)
    (uvia_dia 0.3)
    (uvia_drill 0.1)
    (add_net 3V3)
    (add_net 5V)
    (add_net AGND)
    (add_net B)
    (add_net EN)
    (add_net G)
    (add_net MCLR)
    (add_net "Net-(C10-Pad1)")
    (add_net "Net-(C11-Pad1)")
    (add_net "Net-(C13-Pad2)")
    (add_net "Net-(C2-Pad1)")
    (add_net "Net-(C2-Pad2)")
    (add_net "Net-(C21-Pad1)")
    (add_net "Net-(C23-Pad1)")
    (add_net "Net-(C23-Pad2)")
    (add_net "Net-(C24-Pad2)")
    (add_net "Net-(C25-Pad2)")
    (add_net "Net-(C4-Pad1)")
    (add_net "Net-(C4-Pad2)")
    (add_net "Net-(C6-Pad1)")
    (add_net "Net-(C6-Pad2)")
    (add_net "Net-(C8-Pad1)")
    (add_net "Net-(C8-Pad2)")
    (add_net "Net-(J1-Pad4)")
    (add_net "Net-(J1-Pad5)")
    (add_net "Net-(L1-Pad2)")
    (add_net "Net-(L2-Pad2)")
    (add_net "Net-(L3-Pad2)")
    (add_net "Net-(L4-Pad2)")
    (add_net "Net-(L5-Pad2)")
    (add_net "Net-(R1-Pad1)")
    (add_net "Net-(R10-Pad1)")
    (add_net "Net-(R11-Pad1)")
    (add_net "Net-(R14-Pad1)")
    (add_net "Net-(R17-Pad1)")
    (add_net "Net-(R3-Pad1)")
    (add_net "Net-(R5-Pad1)")
    (add_net "Net-(R7-Pad1)")
    (add_net "Net-(R9-Pad1)")
    (add_net "Net-(U1-Pad9)")
    (add_net "Net-(U2-Pad9)")
    (add_net "Net-(U3-Pad9)")
    (add_net "Net-(U4-Pad9)")
    (add_net "Net-(U5-Pad5)")
    (add_net "Net-(U5-Pad6)")
    (add_net "Net-(U5-Pad8)")
    (add_net "Net-(U6-Pad10)")
    (add_net "Net-(U6-Pad14)")
    (add_net "Net-(U6-Pad15)")
    (add_net "Net-(U7-Pad12)")
    (add_net "Net-(U7-Pad2)")
    (add_net "Net-(U7-Pad23)")
    (add_net "Net-(U7-Pad24)")
    (add_net "Net-(U7-Pad3)")
    (add_net "Net-(U7-Pad4)")
    (add_net "Net-(U7-Pad7)")
    (add_net R)
    (add_net SCL)
    (add_net SDA)
    (add_net VSYS)
    (add_net VTEMP)
    (add_net btn)
  )

  (module "Wiiboy Parts:1.25mm pad" (layer F.Cu) (tedit 5F25975E) (tstamp 5E89A0BF)
    (at 108 67.42)
    (path /5EC9D78F)
    (fp_text reference TP23 (at 0 -1 180) (layer F.SilkS) hide
      (effects (font (size 0.5 0.5) (thickness 0.125)))
    )
    (fp_text value TestPoint (at 0 1) (layer F.Fab) hide
      (effects (font (size 0.25 0.25) (thickness 0.0625)))
    )
    (pad 1 smd circle (at 0 0) (size 1.25 1.25) (layers F.Cu F.Mask)
      (net 2 VSYS))
  )

  (module "Wiiboy Parts:1.25mm pad" (layer F.Cu) (tedit 5F25975E) (tstamp 5E888F54)
    (at 108 65.4)
    (path /5E8C46D3)
    (fp_text reference TP8 (at 0 -1 180) (layer F.SilkS) hide
      (effects (font (size 0.5 0.5) (thickness 0.125)))
    )
    (fp_text value TestPoint (at 0 1) (layer F.Fab) hide
      (effects (font (size 0.25 0.25) (thickness 0.0625)))
    )
    (pad 1 smd circle (at 0 0) (size 1.25 1.25) (layers F.Cu F.Mask)
      (net 31 "Net-(R9-Pad1)"))
  )

  (module "Wiiboy Parts:1.25mm pad" (layer F.Cu) (tedit 5F25975E) (tstamp 5E888F5E)
    (at 108 63.425)
    (path /5E8C3EA0)
    (fp_text reference TP10 (at 0 -1 180) (layer F.SilkS) hide
      (effects (font (size 0.5 0.5) (thickness 0.125)))
    )
    (fp_text value TestPoint (at 0 1) (layer F.Fab) hide
      (effects (font (size 0.25 0.25) (thickness 0.0625)))
    )
    (pad 1 smd circle (at 0 0) (size 1.25 1.25) (layers F.Cu F.Mask)
      (net 34 "Net-(R10-Pad1)"))
  )

  (module "Wiiboy Parts:1.25mm pad" (layer F.Cu) (tedit 5F25975E) (tstamp 5E888F68)
    (at 108 61.425)
    (path /5E8BF420)
    (fp_text reference TP12 (at 0 -1 180) (layer F.SilkS) hide
      (effects (font (size 0.5 0.5) (thickness 0.125)))
    )
    (fp_text value TestPoint (at 0 1) (layer F.Fab) hide
      (effects (font (size 0.25 0.25) (thickness 0.0625)))
    )
    (pad 1 smd circle (at 0 0) (size 1.25 1.25) (layers F.Cu F.Mask)
      (net 35 "Net-(R11-Pad1)"))
  )

  (module "Wiiboy Parts:1.25mm pad" (layer F.Cu) (tedit 5F25975E) (tstamp 5E888F7C)
    (at 112.475 86.225)
    (path /5E8AAB22)
    (fp_text reference TP16 (at 0 -1 180) (layer F.SilkS) hide
      (effects (font (size 0.5 0.5) (thickness 0.125)))
    )
    (fp_text value TestPoint (at 0 1) (layer F.Fab) hide
      (effects (font (size 0.25 0.25) (thickness 0.0625)))
    )
    (pad 1 smd circle (at 0 0) (size 1.25 1.25) (layers F.Cu F.Mask)
      (net 2 VSYS))
  )

  (module "Wiiboy Parts:1.25mm pad" (layer F.Cu) (tedit 5F25975E) (tstamp 5E888F72)
    (at 114.5 86.225)
    (path /5E8AA3B6)
    (fp_text reference TP14 (at 0 -1 180) (layer F.SilkS) hide
      (effects (font (size 0.5 0.5) (thickness 0.125)))
    )
    (fp_text value TestPoint (at 0 1) (layer F.Fab) hide
      (effects (font (size 0.25 0.25) (thickness 0.0625)))
    )
    (pad 1 smd circle (at 0 0) (size 1.25 1.25) (layers F.Cu F.Mask)
      (net 43 VTEMP))
  )

  (module "Wiiboy Parts:1.25mm pad" (layer F.Cu) (tedit 5F25975E) (tstamp 5E888F6D)
    (at 108.025 81.875)
    (path /5E8BBBE0)
    (fp_text reference TP13 (at 0 -1 180) (layer F.SilkS) hide
      (effects (font (size 0.5 0.5) (thickness 0.125)))
    )
    (fp_text value TestPoint (at 0 1) (layer F.Fab) hide
      (effects (font (size 0.25 0.25) (thickness 0.0625)))
    )
    (pad 1 smd circle (at 0 0) (size 1.25 1.25) (layers F.Cu F.Mask)
      (net 42 btn))
  )

  (module "Wiiboy Parts:1.25mm pad" (layer F.Cu) (tedit 5F25975E) (tstamp 5E88CEC4)
    (at 107.975 80.025)
    (path /5E89702E)
    (fp_text reference TP22 (at 0 -1 180) (layer F.SilkS) hide
      (effects (font (size 0.5 0.5) (thickness 0.125)))
    )
    (fp_text value TestPoint (at 0 1) (layer F.Fab) hide
      (effects (font (size 0.25 0.25) (thickness 0.0625)))
    )
    (pad 1 smd circle (at 0 0) (size 1.25 1.25) (layers F.Cu F.Mask)
      (net 2 VSYS))
  )

  (module "Wiiboy Parts:1.25mm pad" (layer F.Cu) (tedit 5F25975E) (tstamp 5E888F81)
    (at 107.975 78.15)
    (path /5E896BE9)
    (fp_text reference TP17 (at 0 -1 180) (layer F.SilkS) hide
      (effects (font (size 0.5 0.5) (thickness 0.125)))
    )
    (fp_text value TestPoint (at 0 1) (layer F.Fab) hide
      (effects (font (size 0.25 0.25) (thickness 0.0625)))
    )
    (pad 1 smd circle (at 0 0) (size 1.25 1.25) (layers F.Cu F.Mask)
      (net 39 SDA))
  )

  (module "Wiiboy Parts:1.25mm pad" (layer F.Cu) (tedit 5F25975E) (tstamp 5E888F86)
    (at 107.975 76.225)
    (path /5E89604F)
    (fp_text reference TP18 (at 0 -1 180) (layer F.SilkS) hide
      (effects (font (size 0.5 0.5) (thickness 0.125)))
    )
    (fp_text value TestPoint (at 0 1) (layer F.Fab) hide
      (effects (font (size 0.25 0.25) (thickness 0.0625)))
    )
    (pad 1 smd circle (at 0 0) (size 1.25 1.25) (layers F.Cu F.Mask)
      (net 40 SCL))
  )

  (module "Wiiboy Parts:Voltage_pad" (layer F.Cu) (tedit 5F25976C) (tstamp 5E888F36)
    (at 127.375 55.2)
    (path /5E91EF8B)
    (fp_text reference TP2 (at 0 -1.15) (layer F.SilkS) hide
      (effects (font (size 0.5 0.5) (thickness 0.125)))
    )
    (fp_text value TestPoint (at 0 1.3) (layer F.Fab) hide
      (effects (font (size 0.25 0.25) (thickness 0.0625)))
    )
    (pad 1 smd rect (at -0.05 0.05) (size 2.5 1.5) (layers F.Cu F.Mask)
      (net 12 "Net-(C10-Pad1)"))
  )

  (module "Wiiboy Parts:Voltage_pad" (layer F.Cu) (tedit 5F25976C) (tstamp 5E888F77)
    (at 108.625 74.075)
    (path /5E888C42)
    (fp_text reference TP15 (at 0 -1.15) (layer F.SilkS) hide
      (effects (font (size 0.5 0.5) (thickness 0.125)))
    )
    (fp_text value TestPoint (at 0 1.3) (layer F.Fab) hide
      (effects (font (size 0.25 0.25) (thickness 0.0625)))
    )
    (pad 1 smd rect (at -0.05 0.05) (size 2.5 1.5) (layers F.Cu F.Mask)
      (net 15 "Net-(C21-Pad1)"))
  )

  (module "Wiiboy Parts:Voltage_pad" (layer F.Cu) (tedit 5F25976C) (tstamp 5E888F95)
    (at 108.625 71.275)
    (path /5E898856)
    (fp_text reference TP21 (at 0 -1.15) (layer F.SilkS) hide
      (effects (font (size 0.5 0.5) (thickness 0.125)))
    )
    (fp_text value TestPoint (at 0 1.3) (layer F.Fab) hide
      (effects (font (size 0.25 0.25) (thickness 0.0625)))
    )
    (pad 1 smd rect (at -0.05 0.05) (size 2.5 1.5) (layers F.Cu F.Mask)
      (net 1 AGND))
  )

  (module "Wiiboy Parts:1.25mm pad" (layer F.Cu) (tedit 5F25975E) (tstamp 5E8922BD)
    (at 146.15 86.14)
    (path /5E8F9EAE)
    (fp_text reference TP24 (at 0 -1 180) (layer F.SilkS) hide
      (effects (font (size 0.5 0.5) (thickness 0.125)))
    )
    (fp_text value TestPoint (at 0 1) (layer F.Fab) hide
      (effects (font (size 0.25 0.25) (thickness 0.0625)))
    )
    (pad 1 smd circle (at 0 0) (size 1.25 1.25) (layers F.Cu F.Mask)
      (net 62 3V3))
  )

  (module "Wiiboy Parts:1.25mm pad" (layer F.Cu) (tedit 5F25975E) (tstamp 5E8922C2)
    (at 144.49 86.14)
    (path /5E8FC9F9)
    (fp_text reference TP25 (at 0 -1 180) (layer F.SilkS) hide
      (effects (font (size 0.5 0.5) (thickness 0.125)))
    )
    (fp_text value TestPoint (at 0 1) (layer F.Fab) hide
      (effects (font (size 0.25 0.25) (thickness 0.0625)))
    )
    (pad 1 smd circle (at 0 0) (size 1.25 1.25) (layers F.Cu F.Mask)
      (net 62 3V3))
  )

  (module "Wiiboy Parts:Voltage_pad" (layer F.Cu) (tedit 5F25976C) (tstamp 5E888F40)
    (at 142.175 86.175 180)
    (path /5E99FE21)
    (fp_text reference TP4 (at 0 -1.15) (layer F.SilkS) hide
      (effects (font (size 0.5 0.5) (thickness 0.125)))
    )
    (fp_text value TestPoint (at 0 1.3) (layer F.Fab) hide
      (effects (font (size 0.25 0.25) (thickness 0.0625)))
    )
    (pad 1 smd rect (at -0.05 0.05 180) (size 2.5 1.5) (layers F.Cu F.Mask)
      (net 62 3V3))
  )

  (module "Wiiboy Parts:Voltage_pad" (layer F.Cu) (tedit 5F25976C) (tstamp 5E888F63)
    (at 133.175 86.025)
    (path /5E932F2E)
    (fp_text reference TP11 (at 0 -1.15) (layer F.SilkS) hide
      (effects (font (size 0.5 0.5) (thickness 0.125)))
    )
    (fp_text value TestPoint (at 0 1.3) (layer F.Fab) hide
      (effects (font (size 0.25 0.25) (thickness 0.0625)))
    )
    (pad 1 smd rect (at -0.05 0.05) (size 2.5 1.5) (layers F.Cu F.Mask)
      (net 1 AGND))
  )

  (module "Wiiboy Parts:Voltage_pad" (layer F.Cu) (tedit 5F25976C) (tstamp 5E888F8B)
    (at 127.45 86)
    (path /5E87E3BE)
    (fp_text reference TP19 (at 0 -1.15) (layer F.SilkS) hide
      (effects (font (size 0.5 0.5) (thickness 0.125)))
    )
    (fp_text value TestPoint (at 0 1.3) (layer F.Fab) hide
      (effects (font (size 0.25 0.25) (thickness 0.0625)))
    )
    (pad 1 smd rect (at -0.05 0.05) (size 2.5 1.5) (layers F.Cu F.Mask)
      (net 17 "Net-(C24-Pad2)"))
  )

  (module "Wiiboy Parts:Voltage_pad" (layer F.Cu) (tedit 5F25976C) (tstamp 5E888F4A)
    (at 149.49 77.6 90)
    (path /5E908FCE)
    (fp_text reference TP6 (at 0 -1.15 90) (layer F.SilkS) hide
      (effects (font (size 0.5 0.5) (thickness 0.125)))
    )
    (fp_text value TestPoint (at 0 1.3 90) (layer F.Fab) hide
      (effects (font (size 0.25 0.25) (thickness 0.0625)))
    )
    (pad 1 smd rect (at -0.05 0.05 90) (size 2.5 1.5) (layers F.Cu F.Mask)
      (net 1 AGND))
  )

  (module "Wiiboy Parts:1.25mm pad" (layer F.Cu) (tedit 5F25975E) (tstamp 5E892A78)
    (at 149.59 74.7)
    (path /5E91660B)
    (fp_text reference TP27 (at 0 -1 180) (layer F.SilkS) hide
      (effects (font (size 0.5 0.5) (thickness 0.125)))
    )
    (fp_text value TestPoint (at 0 1) (layer F.Fab) hide
      (effects (font (size 0.25 0.25) (thickness 0.0625)))
    )
    (pad 1 smd circle (at 0 0) (size 1.25 1.25) (layers F.Cu F.Mask)
      (net 14 5V))
  )

  (module "Wiiboy Parts:1.25mm pad" (layer F.Cu) (tedit 5F25975E) (tstamp 5E8922C7)
    (at 149.59 73.04)
    (path /5E907B57)
    (fp_text reference TP26 (at 0 -1 180) (layer F.SilkS) hide
      (effects (font (size 0.5 0.5) (thickness 0.125)))
    )
    (fp_text value TestPoint (at 0 1) (layer F.Fab) hide
      (effects (font (size 0.25 0.25) (thickness 0.0625)))
    )
    (pad 1 smd circle (at 0 0) (size 1.25 1.25) (layers F.Cu F.Mask)
      (net 14 5V))
  )

  (module "Wiiboy Parts:Voltage_pad" (layer F.Cu) (tedit 5F25976C) (tstamp 5E888F45)
    (at 149.525 70.825 90)
    (path /5E96B38D)
    (fp_text reference TP5 (at 0 -1.15 90) (layer F.SilkS) hide
      (effects (font (size 0.5 0.5) (thickness 0.125)))
    )
    (fp_text value TestPoint (at 0 1.3 90) (layer F.Fab) hide
      (effects (font (size 0.25 0.25) (thickness 0.0625)))
    )
    (pad 1 smd rect (at -0.05 0.05 90) (size 2.5 1.5) (layers F.Cu F.Mask)
      (net 14 5V))
  )

  (module "Wiiboy Parts:Voltage_pad" (layer F.Cu) (tedit 5F25976C) (tstamp 5E888F90)
    (at 149.525 66.85 90)
    (path /5E897666)
    (fp_text reference TP20 (at 0 -1.15 90) (layer F.SilkS) hide
      (effects (font (size 0.5 0.5) (thickness 0.125)))
    )
    (fp_text value TestPoint (at 0 1.3 90) (layer F.Fab) hide
      (effects (font (size 0.25 0.25) (thickness 0.0625)))
    )
    (pad 1 smd rect (at -0.05 0.05 90) (size 2.5 1.5) (layers F.Cu F.Mask)
      (net 1 AGND))
  )

  (module "Wiiboy Parts:Voltage_pad" (layer F.Cu) (tedit 5F25976C) (tstamp 5E888F3B)
    (at 139.825 55.2)
    (path /5E92C272)
    (fp_text reference TP3 (at 0 -1.15) (layer F.SilkS) hide
      (effects (font (size 0.5 0.5) (thickness 0.125)))
    )
    (fp_text value TestPoint (at 0 1.3) (layer F.Fab) hide
      (effects (font (size 0.25 0.25) (thickness 0.0625)))
    )
    (pad 1 smd rect (at -0.05 0.05) (size 2.5 1.5) (layers F.Cu F.Mask)
      (net 13 "Net-(C11-Pad1)"))
  )

  (module "Wiiboy Parts:1.25mm pad" (layer F.Cu) (tedit 5F25975E) (tstamp 5E892F47)
    (at 137.65 55.28)
    (path /5E91EC30)
    (fp_text reference TP28 (at 0 -1 180) (layer F.SilkS) hide
      (effects (font (size 0.5 0.5) (thickness 0.125)))
    )
    (fp_text value TestPoint (at 0 1) (layer F.Fab) hide
      (effects (font (size 0.25 0.25) (thickness 0.0625)))
    )
    (pad 1 smd circle (at 0 0) (size 1.25 1.25) (layers F.Cu F.Mask)
      (net 13 "Net-(C11-Pad1)"))
  )

  (module "Wiiboy Parts:Voltage_pad" (layer F.Cu) (tedit 5F25976C) (tstamp 5E888F4F)
    (at 134.775 55.15)
    (path /5E931B10)
    (fp_text reference TP7 (at 0 -1.15) (layer F.SilkS) hide
      (effects (font (size 0.5 0.5) (thickness 0.125)))
    )
    (fp_text value TestPoint (at 0 1.3) (layer F.Fab) hide
      (effects (font (size 0.25 0.25) (thickness 0.0625)))
    )
    (pad 1 smd rect (at -0.05 0.05) (size 2.5 1.5) (layers F.Cu F.Mask)
      (net 1 AGND))
  )

  (module "Wiiboy Parts:Voltage_pad" (layer F.Cu) (tedit 5F25976C) (tstamp 5E888F59)
    (at 122.275 55.15)
    (path /5E9325EF)
    (fp_text reference TP9 (at 0 -1.15) (layer F.SilkS) hide
      (effects (font (size 0.5 0.5) (thickness 0.125)))
    )
    (fp_text value TestPoint (at 0 1.3) (layer F.Fab) hide
      (effects (font (size 0.25 0.25) (thickness 0.0625)))
    )
    (pad 1 smd rect (at -0.05 0.05) (size 2.5 1.5) (layers F.Cu F.Mask)
      (net 1 AGND))
  )

  (module "Wiiboy Parts:Voltage_pad" (layer F.Cu) (tedit 5F25976C) (tstamp 5E888F31)
    (at 114.875 55.2)
    (path /5E908414)
    (fp_text reference TP1 (at 0 -1.15) (layer F.SilkS) hide
      (effects (font (size 0.5 0.5) (thickness 0.125)))
    )
    (fp_text value TestPoint (at 0 1.3) (layer F.Fab) hide
      (effects (font (size 0.25 0.25) (thickness 0.0625)))
    )
    (pad 1 smd rect (at -0.05 0.05) (size 2.5 1.5) (layers F.Cu F.Mask)
      (net 11 "Net-(C13-Pad2)"))
  )

  (module MountingHole:MountingHole_2.2mm_M2 (layer F.Cu) (tedit 56D1B4CB) (tstamp 5E88D5BB)
    (at 109.225 84.875)
    (descr "Mounting Hole 2.2mm, no annular, M2")
    (tags "mounting hole 2.2mm no annular m2")
    (attr virtual)
    (fp_text reference REF** (at 0 -3.2) (layer F.SilkS) hide
      (effects (font (size 1 1) (thickness 0.15)))
    )
    (fp_text value MountingHole_2.2mm_M2 (at 0 3.2) (layer F.Fab)
      (effects (font (size 1 1) (thickness 0.15)))
    )
    (fp_circle (center 0 0) (end 2.45 0) (layer F.CrtYd) (width 0.05))
    (fp_circle (center 0 0) (end 2.2 0) (layer Cmts.User) (width 0.15))
    (fp_text user %R (at 0.3 0) (layer F.Fab)
      (effects (font (size 1 1) (thickness 0.15)))
    )
    (pad 1 np_thru_hole circle (at 0 0) (size 2.2 2.2) (drill 2.2) (layers *.Cu *.Mask))
  )

  (module MountingHole:MountingHole_2.2mm_M2 (layer F.Cu) (tedit 56D1B4CB) (tstamp 5E88D61A)
    (at 148.35 84.875)
    (descr "Mounting Hole 2.2mm, no annular, M2")
    (tags "mounting hole 2.2mm no annular m2")
    (attr virtual)
    (fp_text reference REF** (at 0 -3.2) (layer F.SilkS) hide
      (effects (font (size 1 1) (thickness 0.15)))
    )
    (fp_text value MountingHole_2.2mm_M2 (at 0 3.2) (layer F.Fab)
      (effects (font (size 1 1) (thickness 0.15)))
    )
    (fp_circle (center 0 0) (end 2.45 0) (layer F.CrtYd) (width 0.05))
    (fp_circle (center 0 0) (end 2.2 0) (layer Cmts.User) (width 0.15))
    (fp_text user %R (at 0.3 0) (layer F.Fab)
      (effects (font (size 1 1) (thickness 0.15)))
    )
    (pad 1 np_thru_hole circle (at 0 0) (size 2.2 2.2) (drill 2.2) (layers *.Cu *.Mask))
  )

  (module MountingHole:MountingHole_2.2mm_M2 (layer F.Cu) (tedit 56D1B4CB) (tstamp 5E88CF7C)
    (at 148.35 56.425)
    (descr "Mounting Hole 2.2mm, no annular, M2")
    (tags "mounting hole 2.2mm no annular m2")
    (attr virtual)
    (fp_text reference REF** (at 0 -3.2) (layer F.SilkS) hide
      (effects (font (size 1 1) (thickness 0.15)))
    )
    (fp_text value MountingHole_2.2mm_M2 (at 0 3.2) (layer F.Fab)
      (effects (font (size 1 1) (thickness 0.15)))
    )
    (fp_circle (center 0 0) (end 2.45 0) (layer F.CrtYd) (width 0.05))
    (fp_circle (center 0 0) (end 2.2 0) (layer Cmts.User) (width 0.15))
    (fp_text user %R (at 0.3 0) (layer F.Fab)
      (effects (font (size 1 1) (thickness 0.15)))
    )
    (pad 1 np_thru_hole circle (at 0 0) (size 2.2 2.2) (drill 2.2) (layers *.Cu *.Mask))
  )

  (module MountingHole:MountingHole_2.2mm_M2 (layer F.Cu) (tedit 56D1B4CB) (tstamp 5E88D5FD)
    (at 109.2 56.425)
    (descr "Mounting Hole 2.2mm, no annular, M2")
    (tags "mounting hole 2.2mm no annular m2")
    (attr virtual)
    (fp_text reference REF** (at 0 -3.2) (layer F.SilkS) hide
      (effects (font (size 1 1) (thickness 0.15)))
    )
    (fp_text value MountingHole_2.2mm_M2 (at 0 3.2) (layer F.Fab)
      (effects (font (size 1 1) (thickness 0.15)))
    )
    (fp_circle (center 0 0) (end 2.45 0) (layer F.CrtYd) (width 0.05))
    (fp_circle (center 0 0) (end 2.2 0) (layer Cmts.User) (width 0.15))
    (fp_text user %R (at 0.3 0) (layer F.Fab)
      (effects (font (size 1 1) (thickness 0.15)))
    )
    (pad 1 np_thru_hole circle (at 0 0) (size 2.2 2.2) (drill 2.2) (layers *.Cu *.Mask))
  )

  (module Capacitor_SMD:C_0805_2012Metric (layer F.Cu) (tedit 5B36C52B) (tstamp 5E89884E)
    (at 122.05 60.1125 90)
    (descr "Capacitor SMD 0805 (2012 Metric), square (rectangular) end terminal, IPC_7351 nominal, (Body size source: https://docs.google.com/spreadsheets/d/1BsfQQcO9C6DZCsRaXUlFlo91Tg2WpOkGARC1WS5S8t0/edit?usp=sharing), generated with kicad-footprint-generator")
    (tags capacitor)
    (path /5E8F9770)
    (attr smd)
    (fp_text reference C1 (at 0.0525 1.26 90) (layer F.SilkS)
      (effects (font (size 0.5 0.5) (thickness 0.125)))
    )
    (fp_text value C (at 0 1.65 90) (layer F.Fab)
      (effects (font (size 1 1) (thickness 0.15)))
    )
    (fp_text user %R (at 0 0 90) (layer F.Fab)
      (effects (font (size 0.5 0.5) (thickness 0.08)))
    )
    (fp_line (start 1.68 0.95) (end -1.68 0.95) (layer F.CrtYd) (width 0.05))
    (fp_line (start 1.68 -0.95) (end 1.68 0.95) (layer F.CrtYd) (width 0.05))
    (fp_line (start -1.68 -0.95) (end 1.68 -0.95) (layer F.CrtYd) (width 0.05))
    (fp_line (start -1.68 0.95) (end -1.68 -0.95) (layer F.CrtYd) (width 0.05))
    (fp_line (start -0.258578 0.71) (end 0.258578 0.71) (layer F.SilkS) (width 0.12))
    (fp_line (start -0.258578 -0.71) (end 0.258578 -0.71) (layer F.SilkS) (width 0.12))
    (fp_line (start 1 0.6) (end -1 0.6) (layer F.Fab) (width 0.1))
    (fp_line (start 1 -0.6) (end 1 0.6) (layer F.Fab) (width 0.1))
    (fp_line (start -1 -0.6) (end 1 -0.6) (layer F.Fab) (width 0.1))
    (fp_line (start -1 0.6) (end -1 -0.6) (layer F.Fab) (width 0.1))
    (pad 2 smd roundrect (at 0.9375 0 90) (size 0.975 1.4) (layers F.Cu F.Paste F.Mask) (roundrect_rratio 0.25)
      (net 1 AGND))
    (pad 1 smd roundrect (at -0.9375 0 90) (size 0.975 1.4) (layers F.Cu F.Paste F.Mask) (roundrect_rratio 0.25)
      (net 2 VSYS))
    (model ${KISYS3DMOD}/Capacitor_SMD.3dshapes/C_0805_2012Metric.wrl
      (at (xyz 0 0 0))
      (scale (xyz 1 1 1))
      (rotate (xyz 0 0 0))
    )
  )

  (module Capacitor_SMD:C_0603_1608Metric (layer F.Cu) (tedit 5B301BBE) (tstamp 5E888BC4)
    (at 119.1625 64.75)
    (descr "Capacitor SMD 0603 (1608 Metric), square (rectangular) end terminal, IPC_7351 nominal, (Body size source: http://www.tortai-tech.com/upload/download/2011102023233369053.pdf), generated with kicad-footprint-generator")
    (tags capacitor)
    (path /5E8F366B)
    (attr smd)
    (fp_text reference C2 (at -0.0125 1.17) (layer F.SilkS)
      (effects (font (size 0.5 0.5) (thickness 0.125)))
    )
    (fp_text value C (at 0 1.43) (layer F.Fab)
      (effects (font (size 1 1) (thickness 0.15)))
    )
    (fp_text user %R (at 0 0) (layer F.Fab)
      (effects (font (size 0.4 0.4) (thickness 0.06)))
    )
    (fp_line (start 1.48 0.73) (end -1.48 0.73) (layer F.CrtYd) (width 0.05))
    (fp_line (start 1.48 -0.73) (end 1.48 0.73) (layer F.CrtYd) (width 0.05))
    (fp_line (start -1.48 -0.73) (end 1.48 -0.73) (layer F.CrtYd) (width 0.05))
    (fp_line (start -1.48 0.73) (end -1.48 -0.73) (layer F.CrtYd) (width 0.05))
    (fp_line (start -0.162779 0.51) (end 0.162779 0.51) (layer F.SilkS) (width 0.12))
    (fp_line (start -0.162779 -0.51) (end 0.162779 -0.51) (layer F.SilkS) (width 0.12))
    (fp_line (start 0.8 0.4) (end -0.8 0.4) (layer F.Fab) (width 0.1))
    (fp_line (start 0.8 -0.4) (end 0.8 0.4) (layer F.Fab) (width 0.1))
    (fp_line (start -0.8 -0.4) (end 0.8 -0.4) (layer F.Fab) (width 0.1))
    (fp_line (start -0.8 0.4) (end -0.8 -0.4) (layer F.Fab) (width 0.1))
    (pad 2 smd roundrect (at 0.7875 0) (size 0.875 0.95) (layers F.Cu F.Paste F.Mask) (roundrect_rratio 0.25)
      (net 3 "Net-(C2-Pad2)"))
    (pad 1 smd roundrect (at -0.7875 0) (size 0.875 0.95) (layers F.Cu F.Paste F.Mask) (roundrect_rratio 0.25)
      (net 4 "Net-(C2-Pad1)"))
    (model ${KISYS3DMOD}/Capacitor_SMD.3dshapes/C_0603_1608Metric.wrl
      (at (xyz 0 0 0))
      (scale (xyz 1 1 1))
      (rotate (xyz 0 0 0))
    )
  )

  (module Capacitor_SMD:C_0805_2012Metric (layer F.Cu) (tedit 5B36C52B) (tstamp 5E888BD5)
    (at 134.65 60.1875 90)
    (descr "Capacitor SMD 0805 (2012 Metric), square (rectangular) end terminal, IPC_7351 nominal, (Body size source: https://docs.google.com/spreadsheets/d/1BsfQQcO9C6DZCsRaXUlFlo91Tg2WpOkGARC1WS5S8t0/edit?usp=sharing), generated with kicad-footprint-generator")
    (tags capacitor)
    (path /5E91EF74)
    (attr smd)
    (fp_text reference C3 (at -0.1025 -1.14 90) (layer F.SilkS)
      (effects (font (size 0.5 0.5) (thickness 0.125)))
    )
    (fp_text value C (at 0 1.65 90) (layer F.Fab)
      (effects (font (size 1 1) (thickness 0.15)))
    )
    (fp_line (start -1 0.6) (end -1 -0.6) (layer F.Fab) (width 0.1))
    (fp_line (start -1 -0.6) (end 1 -0.6) (layer F.Fab) (width 0.1))
    (fp_line (start 1 -0.6) (end 1 0.6) (layer F.Fab) (width 0.1))
    (fp_line (start 1 0.6) (end -1 0.6) (layer F.Fab) (width 0.1))
    (fp_line (start -0.258578 -0.71) (end 0.258578 -0.71) (layer F.SilkS) (width 0.12))
    (fp_line (start -0.258578 0.71) (end 0.258578 0.71) (layer F.SilkS) (width 0.12))
    (fp_line (start -1.68 0.95) (end -1.68 -0.95) (layer F.CrtYd) (width 0.05))
    (fp_line (start -1.68 -0.95) (end 1.68 -0.95) (layer F.CrtYd) (width 0.05))
    (fp_line (start 1.68 -0.95) (end 1.68 0.95) (layer F.CrtYd) (width 0.05))
    (fp_line (start 1.68 0.95) (end -1.68 0.95) (layer F.CrtYd) (width 0.05))
    (fp_text user %R (at 0 0 90) (layer F.Fab)
      (effects (font (size 0.5 0.5) (thickness 0.08)))
    )
    (pad 1 smd roundrect (at -0.9375 0 90) (size 0.975 1.4) (layers F.Cu F.Paste F.Mask) (roundrect_rratio 0.25)
      (net 2 VSYS))
    (pad 2 smd roundrect (at 0.9375 0 90) (size 0.975 1.4) (layers F.Cu F.Paste F.Mask) (roundrect_rratio 0.25)
      (net 1 AGND))
    (model ${KISYS3DMOD}/Capacitor_SMD.3dshapes/C_0805_2012Metric.wrl
      (at (xyz 0 0 0))
      (scale (xyz 1 1 1))
      (rotate (xyz 0 0 0))
    )
  )

  (module Capacitor_SMD:C_0603_1608Metric (layer F.Cu) (tedit 5B301BBE) (tstamp 5E888BE6)
    (at 131.7125 64.675)
    (descr "Capacitor SMD 0603 (1608 Metric), square (rectangular) end terminal, IPC_7351 nominal, (Body size source: http://www.tortai-tech.com/upload/download/2011102023233369053.pdf), generated with kicad-footprint-generator")
    (tags capacitor)
    (path /5E91EF65)
    (attr smd)
    (fp_text reference C4 (at 2.0275 -0.025) (layer F.SilkS)
      (effects (font (size 0.5 0.5) (thickness 0.125)))
    )
    (fp_text value C (at 0 1.43) (layer F.Fab)
      (effects (font (size 1 1) (thickness 0.15)))
    )
    (fp_text user %R (at 0 0) (layer F.Fab)
      (effects (font (size 0.4 0.4) (thickness 0.06)))
    )
    (fp_line (start 1.48 0.73) (end -1.48 0.73) (layer F.CrtYd) (width 0.05))
    (fp_line (start 1.48 -0.73) (end 1.48 0.73) (layer F.CrtYd) (width 0.05))
    (fp_line (start -1.48 -0.73) (end 1.48 -0.73) (layer F.CrtYd) (width 0.05))
    (fp_line (start -1.48 0.73) (end -1.48 -0.73) (layer F.CrtYd) (width 0.05))
    (fp_line (start -0.162779 0.51) (end 0.162779 0.51) (layer F.SilkS) (width 0.12))
    (fp_line (start -0.162779 -0.51) (end 0.162779 -0.51) (layer F.SilkS) (width 0.12))
    (fp_line (start 0.8 0.4) (end -0.8 0.4) (layer F.Fab) (width 0.1))
    (fp_line (start 0.8 -0.4) (end 0.8 0.4) (layer F.Fab) (width 0.1))
    (fp_line (start -0.8 -0.4) (end 0.8 -0.4) (layer F.Fab) (width 0.1))
    (fp_line (start -0.8 0.4) (end -0.8 -0.4) (layer F.Fab) (width 0.1))
    (pad 2 smd roundrect (at 0.7875 0) (size 0.875 0.95) (layers F.Cu F.Paste F.Mask) (roundrect_rratio 0.25)
      (net 5 "Net-(C4-Pad2)"))
    (pad 1 smd roundrect (at -0.7875 0) (size 0.875 0.95) (layers F.Cu F.Paste F.Mask) (roundrect_rratio 0.25)
      (net 6 "Net-(C4-Pad1)"))
    (model ${KISYS3DMOD}/Capacitor_SMD.3dshapes/C_0603_1608Metric.wrl
      (at (xyz 0 0 0))
      (scale (xyz 1 1 1))
      (rotate (xyz 0 0 0))
    )
  )

  (module Capacitor_SMD:C_0805_2012Metric (layer F.Cu) (tedit 5B36C52B) (tstamp 5E888BF7)
    (at 147.2 60.2625 90)
    (descr "Capacitor SMD 0805 (2012 Metric), square (rectangular) end terminal, IPC_7351 nominal, (Body size source: https://docs.google.com/spreadsheets/d/1BsfQQcO9C6DZCsRaXUlFlo91Tg2WpOkGARC1WS5S8t0/edit?usp=sharing), generated with kicad-footprint-generator")
    (tags capacitor)
    (path /5E92C25B)
    (attr smd)
    (fp_text reference C5 (at 0.0125 1.31 90) (layer F.SilkS)
      (effects (font (size 0.5 0.5) (thickness 0.125)))
    )
    (fp_text value C (at 0 1.65 90) (layer F.Fab)
      (effects (font (size 1 1) (thickness 0.15)))
    )
    (fp_line (start -1 0.6) (end -1 -0.6) (layer F.Fab) (width 0.1))
    (fp_line (start -1 -0.6) (end 1 -0.6) (layer F.Fab) (width 0.1))
    (fp_line (start 1 -0.6) (end 1 0.6) (layer F.Fab) (width 0.1))
    (fp_line (start 1 0.6) (end -1 0.6) (layer F.Fab) (width 0.1))
    (fp_line (start -0.258578 -0.71) (end 0.258578 -0.71) (layer F.SilkS) (width 0.12))
    (fp_line (start -0.258578 0.71) (end 0.258578 0.71) (layer F.SilkS) (width 0.12))
    (fp_line (start -1.68 0.95) (end -1.68 -0.95) (layer F.CrtYd) (width 0.05))
    (fp_line (start -1.68 -0.95) (end 1.68 -0.95) (layer F.CrtYd) (width 0.05))
    (fp_line (start 1.68 -0.95) (end 1.68 0.95) (layer F.CrtYd) (width 0.05))
    (fp_line (start 1.68 0.95) (end -1.68 0.95) (layer F.CrtYd) (width 0.05))
    (fp_text user %R (at 0 0 90) (layer F.Fab)
      (effects (font (size 0.5 0.5) (thickness 0.08)))
    )
    (pad 1 smd roundrect (at -0.9375 0 90) (size 0.975 1.4) (layers F.Cu F.Paste F.Mask) (roundrect_rratio 0.25)
      (net 2 VSYS))
    (pad 2 smd roundrect (at 0.9375 0 90) (size 0.975 1.4) (layers F.Cu F.Paste F.Mask) (roundrect_rratio 0.25)
      (net 1 AGND))
    (model ${KISYS3DMOD}/Capacitor_SMD.3dshapes/C_0805_2012Metric.wrl
      (at (xyz 0 0 0))
      (scale (xyz 1 1 1))
      (rotate (xyz 0 0 0))
    )
  )

  (module Capacitor_SMD:C_0603_1608Metric (layer F.Cu) (tedit 5B301BBE) (tstamp 5E888C08)
    (at 144.2375 64.725)
    (descr "Capacitor SMD 0603 (1608 Metric), square (rectangular) end terminal, IPC_7351 nominal, (Body size source: http://www.tortai-tech.com/upload/download/2011102023233369053.pdf), generated with kicad-footprint-generator")
    (tags capacitor)
    (path /5E92C24C)
    (attr smd)
    (fp_text reference C6 (at 1.9325 0.055) (layer F.SilkS)
      (effects (font (size 0.5 0.5) (thickness 0.125)))
    )
    (fp_text value C (at 0 1.43) (layer F.Fab)
      (effects (font (size 1 1) (thickness 0.15)))
    )
    (fp_line (start -0.8 0.4) (end -0.8 -0.4) (layer F.Fab) (width 0.1))
    (fp_line (start -0.8 -0.4) (end 0.8 -0.4) (layer F.Fab) (width 0.1))
    (fp_line (start 0.8 -0.4) (end 0.8 0.4) (layer F.Fab) (width 0.1))
    (fp_line (start 0.8 0.4) (end -0.8 0.4) (layer F.Fab) (width 0.1))
    (fp_line (start -0.162779 -0.51) (end 0.162779 -0.51) (layer F.SilkS) (width 0.12))
    (fp_line (start -0.162779 0.51) (end 0.162779 0.51) (layer F.SilkS) (width 0.12))
    (fp_line (start -1.48 0.73) (end -1.48 -0.73) (layer F.CrtYd) (width 0.05))
    (fp_line (start -1.48 -0.73) (end 1.48 -0.73) (layer F.CrtYd) (width 0.05))
    (fp_line (start 1.48 -0.73) (end 1.48 0.73) (layer F.CrtYd) (width 0.05))
    (fp_line (start 1.48 0.73) (end -1.48 0.73) (layer F.CrtYd) (width 0.05))
    (fp_text user %R (at 0 0) (layer F.Fab)
      (effects (font (size 0.4 0.4) (thickness 0.06)))
    )
    (pad 1 smd roundrect (at -0.7875 0) (size 0.875 0.95) (layers F.Cu F.Paste F.Mask) (roundrect_rratio 0.25)
      (net 7 "Net-(C6-Pad1)"))
    (pad 2 smd roundrect (at 0.7875 0) (size 0.875 0.95) (layers F.Cu F.Paste F.Mask) (roundrect_rratio 0.25)
      (net 8 "Net-(C6-Pad2)"))
    (model ${KISYS3DMOD}/Capacitor_SMD.3dshapes/C_0603_1608Metric.wrl
      (at (xyz 0 0 0))
      (scale (xyz 1 1 1))
      (rotate (xyz 0 0 0))
    )
  )

  (module Capacitor_SMD:C_0805_2012Metric (layer F.Cu) (tedit 5B36C52B) (tstamp 5E8965A3)
    (at 134.8 81.325 270)
    (descr "Capacitor SMD 0805 (2012 Metric), square (rectangular) end terminal, IPC_7351 nominal, (Body size source: https://docs.google.com/spreadsheets/d/1BsfQQcO9C6DZCsRaXUlFlo91Tg2WpOkGARC1WS5S8t0/edit?usp=sharing), generated with kicad-footprint-generator")
    (tags capacitor)
    (path /5E99FE0A)
    (attr smd)
    (fp_text reference C7 (at -0.005 1.21 90) (layer F.SilkS)
      (effects (font (size 0.5 0.5) (thickness 0.125)))
    )
    (fp_text value C (at 0 1.65 90) (layer F.Fab)
      (effects (font (size 1 1) (thickness 0.15)))
    )
    (fp_text user %R (at 0 0 90) (layer F.Fab)
      (effects (font (size 0.5 0.5) (thickness 0.08)))
    )
    (fp_line (start 1.68 0.95) (end -1.68 0.95) (layer F.CrtYd) (width 0.05))
    (fp_line (start 1.68 -0.95) (end 1.68 0.95) (layer F.CrtYd) (width 0.05))
    (fp_line (start -1.68 -0.95) (end 1.68 -0.95) (layer F.CrtYd) (width 0.05))
    (fp_line (start -1.68 0.95) (end -1.68 -0.95) (layer F.CrtYd) (width 0.05))
    (fp_line (start -0.258578 0.71) (end 0.258578 0.71) (layer F.SilkS) (width 0.12))
    (fp_line (start -0.258578 -0.71) (end 0.258578 -0.71) (layer F.SilkS) (width 0.12))
    (fp_line (start 1 0.6) (end -1 0.6) (layer F.Fab) (width 0.1))
    (fp_line (start 1 -0.6) (end 1 0.6) (layer F.Fab) (width 0.1))
    (fp_line (start -1 -0.6) (end 1 -0.6) (layer F.Fab) (width 0.1))
    (fp_line (start -1 0.6) (end -1 -0.6) (layer F.Fab) (width 0.1))
    (pad 2 smd roundrect (at 0.9375 0 270) (size 0.975 1.4) (layers F.Cu F.Paste F.Mask) (roundrect_rratio 0.25)
      (net 1 AGND))
    (pad 1 smd roundrect (at -0.9375 0 270) (size 0.975 1.4) (layers F.Cu F.Paste F.Mask) (roundrect_rratio 0.25)
      (net 2 VSYS))
    (model ${KISYS3DMOD}/Capacitor_SMD.3dshapes/C_0805_2012Metric.wrl
      (at (xyz 0 0 0))
      (scale (xyz 1 1 1))
      (rotate (xyz 0 0 0))
    )
  )

  (module Capacitor_SMD:C_0603_1608Metric (layer F.Cu) (tedit 5B301BBE) (tstamp 5E888C2A)
    (at 137.7375 76.65 180)
    (descr "Capacitor SMD 0603 (1608 Metric), square (rectangular) end terminal, IPC_7351 nominal, (Body size source: http://www.tortai-tech.com/upload/download/2011102023233369053.pdf), generated with kicad-footprint-generator")
    (tags capacitor)
    (path /5E99FDFB)
    (attr smd)
    (fp_text reference C8 (at 1.9975 0.01) (layer F.SilkS)
      (effects (font (size 0.5 0.5) (thickness 0.125)))
    )
    (fp_text value C (at 0 1.43) (layer F.Fab)
      (effects (font (size 1 1) (thickness 0.15)))
    )
    (fp_line (start -0.8 0.4) (end -0.8 -0.4) (layer F.Fab) (width 0.1))
    (fp_line (start -0.8 -0.4) (end 0.8 -0.4) (layer F.Fab) (width 0.1))
    (fp_line (start 0.8 -0.4) (end 0.8 0.4) (layer F.Fab) (width 0.1))
    (fp_line (start 0.8 0.4) (end -0.8 0.4) (layer F.Fab) (width 0.1))
    (fp_line (start -0.162779 -0.51) (end 0.162779 -0.51) (layer F.SilkS) (width 0.12))
    (fp_line (start -0.162779 0.51) (end 0.162779 0.51) (layer F.SilkS) (width 0.12))
    (fp_line (start -1.48 0.73) (end -1.48 -0.73) (layer F.CrtYd) (width 0.05))
    (fp_line (start -1.48 -0.73) (end 1.48 -0.73) (layer F.CrtYd) (width 0.05))
    (fp_line (start 1.48 -0.73) (end 1.48 0.73) (layer F.CrtYd) (width 0.05))
    (fp_line (start 1.48 0.73) (end -1.48 0.73) (layer F.CrtYd) (width 0.05))
    (fp_text user %R (at 0 0) (layer F.Fab)
      (effects (font (size 0.4 0.4) (thickness 0.06)))
    )
    (pad 1 smd roundrect (at -0.7875 0 180) (size 0.875 0.95) (layers F.Cu F.Paste F.Mask) (roundrect_rratio 0.25)
      (net 9 "Net-(C8-Pad1)"))
    (pad 2 smd roundrect (at 0.7875 0 180) (size 0.875 0.95) (layers F.Cu F.Paste F.Mask) (roundrect_rratio 0.25)
      (net 10 "Net-(C8-Pad2)"))
    (model ${KISYS3DMOD}/Capacitor_SMD.3dshapes/C_0603_1608Metric.wrl
      (at (xyz 0 0 0))
      (scale (xyz 1 1 1))
      (rotate (xyz 0 0 0))
    )
  )

  (module Capacitor_SMD:C_0805_2012Metric (layer F.Cu) (tedit 5B36C52B) (tstamp 5E898A65)
    (at 118.5125 58.05)
    (descr "Capacitor SMD 0805 (2012 Metric), square (rectangular) end terminal, IPC_7351 nominal, (Body size source: https://docs.google.com/spreadsheets/d/1BsfQQcO9C6DZCsRaXUlFlo91Tg2WpOkGARC1WS5S8t0/edit?usp=sharing), generated with kicad-footprint-generator")
    (tags capacitor)
    (path /5E8DE97F)
    (attr smd)
    (fp_text reference C9 (at -1.9625 -0.02 90) (layer F.SilkS)
      (effects (font (size 0.5 0.5) (thickness 0.125)))
    )
    (fp_text value C (at 0 1.65) (layer F.Fab)
      (effects (font (size 1 1) (thickness 0.15)))
    )
    (fp_text user %R (at 0 0) (layer F.Fab)
      (effects (font (size 0.5 0.5) (thickness 0.08)))
    )
    (fp_line (start 1.68 0.95) (end -1.68 0.95) (layer F.CrtYd) (width 0.05))
    (fp_line (start 1.68 -0.95) (end 1.68 0.95) (layer F.CrtYd) (width 0.05))
    (fp_line (start -1.68 -0.95) (end 1.68 -0.95) (layer F.CrtYd) (width 0.05))
    (fp_line (start -1.68 0.95) (end -1.68 -0.95) (layer F.CrtYd) (width 0.05))
    (fp_line (start -0.258578 0.71) (end 0.258578 0.71) (layer F.SilkS) (width 0.12))
    (fp_line (start -0.258578 -0.71) (end 0.258578 -0.71) (layer F.SilkS) (width 0.12))
    (fp_line (start 1 0.6) (end -1 0.6) (layer F.Fab) (width 0.1))
    (fp_line (start 1 -0.6) (end 1 0.6) (layer F.Fab) (width 0.1))
    (fp_line (start -1 -0.6) (end 1 -0.6) (layer F.Fab) (width 0.1))
    (fp_line (start -1 0.6) (end -1 -0.6) (layer F.Fab) (width 0.1))
    (pad 2 smd roundrect (at 0.9375 0) (size 0.975 1.4) (layers F.Cu F.Paste F.Mask) (roundrect_rratio 0.25)
      (net 1 AGND))
    (pad 1 smd roundrect (at -0.9375 0) (size 0.975 1.4) (layers F.Cu F.Paste F.Mask) (roundrect_rratio 0.25)
      (net 11 "Net-(C13-Pad2)"))
    (model ${KISYS3DMOD}/Capacitor_SMD.3dshapes/C_0805_2012Metric.wrl
      (at (xyz 0 0 0))
      (scale (xyz 1 1 1))
      (rotate (xyz 0 0 0))
    )
  )

  (module Capacitor_SMD:C_0805_2012Metric (layer F.Cu) (tedit 5B36C52B) (tstamp 5E888C4C)
    (at 130.9875 58.05)
